date,title,link
20240207 19:39:32,龙年大礼包！！,http://mp.weixin.qq.com/s?__biz=MzkyMjI4NjkzOA==&mid=2247494078&idx=1&sn=c9a5b6a1f4482194a22cf407a3eeab1f&chksm=c1f4078bf6838e9d0ebb6254f9ff15b02eac79eb7807d7533cbe292fc9a0d709a285e25151f9#rd
20240206 21:35:48,字少，事大！！,http://mp.weixin.qq.com/s?__biz=MzkyMjI4NjkzOA==&mid=2247494066&idx=1&sn=8f8d188d4a7bef6eae665eca3839877e&chksm=c1f40787f6838e91cec378f17f53ec46508becc9efa4cd9585a64edaf4c18f73b6689b04077a#rd
20240205 20:28:18,恶心，毫无底线！！,http://mp.weixin.qq.com/s?__biz=MzkyMjI4NjkzOA==&mid=2247494054&idx=1&sn=27ff19e244677a1ef7c84bdadca7ef0d&chksm=c1f40793f6838e85e432ce74ad531673c37534c4d303169176c1eca658f9636ad3582a0c4cef#rd
20240204 20:03:11,还有四天，就要说再见了！！,http://mp.weixin.qq.com/s?__biz=MzkyMjI4NjkzOA==&mid=2247494046&idx=1&sn=8db4528da20b74c1f95c8df19e447806&chksm=c1f407abf6838ebdfc1c60dc29d0d848152c102fe04dee7b319799331322d3e1c3ff0c4c066a#rd
20240201 21:19:08,本月目标，回本！,http://mp.weixin.qq.com/s?__biz=MzkyMjI4NjkzOA==&mid=2247494031&idx=1&sn=1c43211669483192d93e6c6ffdf7386d&chksm=c1f407baf6838eacf092bedac58f9ed6739d461c03cc06bba259ae31116650e2623e3fd3e10b#rd
